13 7
0 30 44 53 98 2 78 35 19 35 5 80 39
87 0 33 91 51 43 88 20 74 94 52 52 8
60 13 0 74 18 32 85 33 84 4 47 51 67
76 92 14 0 22 34 71 57 40 64 4 61 8
6 27 61 52 0 26 74 38 2 61 52 63 60
7 95 76 85 30 0 13 89 92 27 83 13 77
26 57 23 18 24 77 0 98 52 69 85 24 34
71 23 68 72 63 16 44 0 24 46 64 28 65
57 94 41 41 44 73 88 85 0 9 37 22 94
35 11 84 78 69 43 19 15 65 0 17 22 72
4 58 51 73 12 91 54 92 43 70 0 51 37
10 4 75 17 22 14 38 75 58 76 64 0 59
53 51 60 48 41 51 68 59 64 96 82 65 0
4 3
0 94 53 16
79 0 24 18
91 80 0 98
26 51 92 0
5 5
0 2 2 5 9
2 0 3 4 8
2 3 0 7 6
5 4 7 0 5
9 5 6 5 0
28 4
0 11 24 66 60 5 70 5 23 3 28 3 79 5 82 16 27 68 55 12 47 67 15 10 32 59 89 83
65 0 3 75 86 97 92 79 14 35 24 16 92 78 97 42 71 7 69 58 14 71 91 54 93 77 72 28
34 43 0 84 80 81 8 62 2 17 78 75 32 34 49 85 49 60 40 94 83 57 74 17 55 94 28 15
83 89 5 0 51 87 99 73 87 34 40 27 49 86 71 52 42 31 5 81 68 53 16 41 54 61 96 74
4 97 80 54 0 72 69 81 51 64 49 4 55 29 52 9 69 12 35 76 20 42 11 71 63 5 15 16
13 9 37 48 78 0 76 11 8 33 98 29 8 23 51 73 57 83 46 30 63 64 18 68 42 16 63 4
68 39 52 36 88 52 0 90 6 74 69 27 69 59 17 32 38 70 5 44 60 47 59 38 19 74 91 28
74 19 10 97 32 97 73 0 12 19 45 54 70 78 89 89 74 16 24 54 15 61 31 69 90 54 37 5
45 27 7 9 14 85 75 97 0 36 100 49 73 82 45 74 15 57 57 41 21 17 36 40 60 95 54 16
99 30 2 39 55 74 20 57 64 0 72 40 48 44 11 47 49 67 6 33 40 27 59 72 71 33 80 88
53 83 84 96 44 95 16 96 74 32 0 70 55 44 47 86 83 28 49 55 95 43 31 52 76 21 18 24
74 13 41 71 73 25 71 70 24 96 41 0 60 65 8 96 17 79 20 66 55 3 78 75 72 28 14 54
4 42 40 13 67 73 69 45 85 31 60 1 0 72 33 78 70 89 81 88 71 31 62 30 77 68 28 11
82 2 19 63 10 1 6 62 2 42 34 95 25 0 35 41 5 19 15 40 64 28 21 24 67 80 100 68
13 53 34 89 78 98 85 64 28 88 69 16 1 75 0 71 16 46 45 57 91 56 35 27 88 50 12 22
44 47 81 15 14 38 48 78 99 15 51 68 18 36 93 0 86 29 44 86 15 64 70 17 39 46 17 23
72 78 30 35 49 36 7 62 38 44 31 99 51 69 30 97 0 68 26 79 75 17 9 95 57 33 53 43
38 89 42 5 61 18 98 58 23 42 66 72 41 63 25 54 26 0 52 92 16 96 37 55 42 8 13 59
66 42 59 9 6 82 98 86 46 19 100 63 86 22 28 74 40 71 0 59 13 91 30 68 64 36 36 95
66 4 39 48 92 14 59 95 52 22 10 15 63 51 7 60 9 20 55 0 25 78 29 72 29 26 88 61
72 56 39 41 2 42 41 3 76 92 11 59 78 27 87 63 8 100 1 96 0 72 1 70 65 99 31 63
60 47 66 87 53 92 80 79 32 85 24 21 50 42 50 99 58 52 2 90 99 0 61 26 26 54 85 91
35 42 3 64 9 52 55 65 60 20 8 53 94 27 42 44 45 79 46 2 8 8 0 25 32 50 24 82
48 1 53 14 23 44 93 77 46 15 30 67 8 69 60 84 71 28 48 75 21 4 34 0 68 53 5 53
13 2 43 93 62 79 43 93 13 27 52 38 1


