2 4 1
1 2 3 4
5 6 7 8
5 6
6 8 1
3 2 6 3 1 2 9 7
9 7 8 2 1 4 5 3
5 9 2 1 9 6 1 8
2 1 3 8 6 3 9 2
1 3 2 8 7 9 2 1
4 5 1 9 8 2 1 3
5
6 8 1
3 2 6 3 1 2 9 7
9 7 8 2 1 4 5 3
5 9 2 1 9 6 1 8
2 1 3 8 6 3 9 2
1 3 2 8 7 9 2 1
4 5 1 9 8 2 1 3
1
6 8 1
3 2 6 3 1 2 9 7
9 7 8 2 1 4 5 3
5 9 2 1 9 6 1 8
2 1 3 8 6 3 9 2
1 3 2 8 7 9 2 1
4 5 1 9 8 2 1 3
2
6 8 1
3 2 6 3 1 2 9 7
9 7 8 2 1 4 5 3
5 9 2 1 9 6 1 8
2 1 3 8 6 3 9 2
1 3 2 8 7 9 2 1
4 5 1 9 8 2 1 3
3
6 8 1
3 2 6 3 1 2 9 7
9 7 8 2 1 4 5 3
5 9 2 1 9 6 1 8
2 1 3 8 6 3 9 2
1 3 2 8 7 9 2 1
4 5 1 9 8 2 1 3
4
6 8 1
3 2 6 3 1 2 9 7
9 7 8 2 1 4 5 3
5 9 2 1 9 6 1 8
2 1 3 8 6 3 9 2
1 3 2 8 7 9 2 1
4 5 1 9 8 2 1 3
6
6 8 6
3 2 6 3 1 2 9 7
9 7 8 2 1 4 5 3
5 9 2 1 9 6 1 8
2 1 3 8 6 3 9 2
1 3 2 8 7 9 2 1
4 5 1 9 8 2 1 3
5 5 5 5 5 5