12 10 53
7 1 345 4 1434
4 8 107 4 4189
5 9 590 1 9709
4 9 44 4 5175
1 9 558 3 3816
3 1 454 1 8152
9 8 857 4 9161
8 7 999 2 4519
2 6 575 2 7482
8 9 280 2 7563
11 10 20 1 1464
10 4 707 4 6740
9 2 636 4 5551
1 8 967 4 4136
12 3 855 1 7476
1 5 757 4 4646
9 5 564 4 9041
3 9 97 3 8702
11 7 604 4 5210
6 1 373 3 4212
7 9 310 2 4025
5 8 997 2 2096
1 4 505 2 1563
6 9 314 2 892
12 10 976 3 3507
3 4 794 1 3355
9 4 351 3 6140
2 1 366 3 9483
4 10 225 4 2010
2 4 571 4 9587
1 3 29 1 3908
1 10 830 1 7058
2 5 961 2 2093
11 2 836 3 1135
7 8 949 1 3697
4 1 159 4 2726
7 7 795 1 8900
9 6 970 2 9194
6 6 212 2 4304
10 9 166 4 1077
2 2 337 2 9809
2 8 764 2 3010
6 3 130 1 2868
1 2 47 2 7876
6 7 396 2 8810
7 6 258 4 2977
3 10 670 2 5222
4 5 122 1 4635
1 1 638 3 4173
7 10 375 3 6890
7 3 655 4 3457
11 8 412 2 8587
12 7 148 3 8930
3 5 3
2 5 576 3 6333
2 4 350 3 1655
2 2 163 2 2450
5 6 5
2 1 5 3 3
2 5 5 2 2
3 2 0 3 1
5 1 1 4 5
5 3 4 1 4
100 7 7
3 2 2 3 9
3 3 1 3 3
3 5 1 4 7
3 6 2 4 6
2 4 1 2 8
1 4 2 2 4
4 4 1 1 5

