9 12
0 0 0 0 0 0 0 0 0 0 0 1
0 1 1 1 1 0 0 1 1 1 1 0
0 0 0 0 0 0 0 1 1 1 1 0
0 1 1 1 1 0 0 1 1 1 1 0
0 0 0 0 0 0 0 0 0 0 0 0
0 1 1 1 1 0 0 1 1 1 1 0
0 1 1 1 1 0 0 0 0 0 0 0
0 1 1 1 1 0 0 1 1 1 1 0
1 0 0 0 0 0 0 0 0 0 0 0
1 1 3
9 12 3
5 6
0 0 0 0 0 0
0 1 1 0 1 0
0 1 0 0 0 0
0 0 1 1 1 0
1 0 0 0 0 0
4 2 3
2 4 1
9 12
0 0 0 0 0 0 0 0 0 0 0 1
0 1 1 1 1 0 0 1 1 1 1 0
0 0 0 0 0 0 0 1 1 1 1 0
0 1 1 1 1 0 0 1 1 1 1 0
0 0 0 0 0 0 0 0 0 0 0 0
0 1 1 1 1 0 0 1 1 1 1 0
0 1 1 1 1 0 0 0 0 0 0 0
0 1 1 1 1 0 0 1 1 1 1 0
1 0 0 0 0 0 0 0 0 0 0 0
1 1 3
9 12 3
6 10
0 0 0 0 0 0 1 0 0 0
0 1 1 1 1 0 0 0 1 0
0 1 0 0 0 1 0 1 0 0
0 1 0 1 0 1 0 1 0 0
0 1 0 1 0 1 0 1 1 0
0 0 0 1 0 0 0 0 0 0
4 3 3
3 9 2
3 3
1 1 1
1 0 1
1 1 1
2 2 1
2 2 2
5 6
0 0 0 0 0 0
0 1 1 0 1 0
1 1 0 0 0 0
0 0 1 1 1 0
1 0 0 0 0 0
4 2 3
2 4 1
5 6
0 0 0 0 0 0
0 1 1 0 1 0
0 1 0 0 0 0
0 0 1 1 1 0
1 0 0 0 0 0
4 2 3
1 6 2
5 6
0 0 0 0 0 0
0 1 1 0 1 0
1 1 0 0 0 0
0 0 1 1 1 0
1 0 0 0 0 0
4 2 3
2 4 1
5 6
0 0 0 0 0 0
0 1 1 0 1 0
0 1 0 0 0 0
0 0 1 1 1 0
1 0 0 0 0 0
4 2 3
2 4 1