5 5 1
0 0 0 0 0
0 0 0 0 0
0 0 0 0 0
1 1 1 1 1
0 0 0 0 0
5 5 1
0 0 0 0 0
0 0 0 0 0
0 0 0 0 0
0 0 0 0 0
1 1 1 1 1
5 5 2
0 0 0 0 0
0 0 0 0 0
0 0 0 0 0
1 1 1 1 1
0 0 0 0 0
5 5 5
1 1 1 1 1
1 1 1 1 1
1 1 1 1 1
1 1 1 1 1
1 1 1 1 1
6 5 1
1 0 1 0 1
0 1 0 1 0
1 1 0 0 0
0 0 0 1 1
1 1 0 1 1
0 0 1 0 0
6 5 2
1 0 1 0 1
0 1 0 1 0
1 1 0 0 0
0 0 0 1 1
1 1 0 1 1
0 0 1 0 0
5 5 2
1 0 1 1 1
0 1 1 1 1
1 0 1 0 1
1 1 0 1 0
1 0 1 0 1
2 4 2
1 1 1 1
0 1 1 0
9 10 4
1 0 0 1 0 1 0 1 1 0
0 0 0 1 0 0 0 1 0 0
0 1 0 0 1 0 0 1 1 1
0 0 1 1 0 1 0 1 1 0
0 1 1 0 0 0 0 1 0 1
0 1 1 1 0 1 0 1 0 0
0 0 0 0 0 0 0 1 0 0
1 1 1 1 1 1 1 1 0 1
0 1 1 0 1 1 0 1 1 0
7 6 2
0 1 1 0 1 0
1 1 0 1 0 0
1 0 1 0 0 1
0 1 0 0 1 0
1 0 0 1 0 1
0 0 1 0 1 1
0 1 0 1 1 0
2 7 2
0 0 1 0 1 0 1
1 0 1 0 1 0 0
3 3 4
1 1 1
1 1 1
1 1 1